1 15 25 34 47 60 [2]
3 16 20 29 38 46 58 [0]
2 13 30 36 49 53 [1]
4 15 30 36 47 55 [1]
8 17 27 30 37 46 60 [0]
2 12 18 22 29 36 40 44 50 60 [0]
3 11 15 21 28 35 40 47 52 60 [2]
6 10 18 21 28 31 37 45 50 58 [1]
6 12 27 31 42 56 [0]
1 9 16 22 28 31 41 48 51 60 [1]
4 8 16 23 25 36 37 46 49 60 [1]
4 7 14 20 27 35 37 46 52 60 [0]
3 8 19 22 35 40 44 51 58 [0]
6 9 16 20 28 33 37 46 54 57 [1]
2 10 19 29 32 40 44 58 [0]
4 12 20 28 30 40 50 57 [0]
6 15 22 35 44 50 58 [0]
3 9 20 27 34 39 46 51 57 [0]
3 9 13 22 30 32 40 47 49 59 [1]
4 10 19 25 35 40 47 54 57 [2]
4 8 18 28 30 41 46 53 60 [2]
6 9 13 21 25 33 41 47 53 60 [6]
3 20 29 32 48 58 [0]
4 10 17 25 31 37 45 52 57 [1]
1 12 21 32 43 58 [1]
1 13 16 22 33 40 45 53 58 [2]
1 11 17 28 35 42 47 52 [1]
2 10 17 19 25 35 37 44 53 58 [2]
2 13 21 27 35 42 46 50 57 [1]
4 16 26 35 43 54 60 [0]
9 18 27 30 45 50 59 [0]
4 15 25 31 39 52 57 [1]
4 14 19 29 34 37 49 57 [0]
7 18 23 36 47 58 [1]
2 10 17 19 27 36 41 45 50 55 [1]
1 9 17 28 30 37 44 53 [1]
9 14 29 40 46 53 [1]
2 12 14 23 30 34 37 47 51 58 [1]
4 11 27 32 43 54 [0]
6 14 23 33 42 50 57 [1]
1 15 20 36 42 50 56 [0]
6 13 19 36 37 54 56 [0]
7 12 18 23 29 39 48 52 57 [0]
5 9 20 26 32 36 48 51 57 [0]
2 11 18 28 35 37 47 51 [1]
4 15 29 34 44 51 [0]
5 11 22 39 44 55 [0]
1 11 15 23 34 36 43 56 58 [0]
9 12 23 36 45 49 58 [0]
2 15 27 32 37 54 58 [0]
8 15 19 28 35 39 46 55 [0]
2 11 18 24 29 41 49 51 59 [1]
5 9 19 24 33 41 44 56 57 [2]
7 10 17 26 31 36 46 55 58 [0]
5 10 15 24 30 36 49 51 57 [0]
4 10 18 24 29 36 38 44 50 56 [0]
1 12 18 22 26 36 39 46 54 57 [0]
6 9 17 24 33 36 46 54 57 [1]
5 15 20 27 31 41 45 58 [1]
7 12 23 31 41 49 60 [1]
6 11 22 33 45 52 57 [1]
5 18 24 35 45 52 60 [0]
7 12 26 38 44 58 [0]
7 14 22 36 45 49 56 [0]
6 13 17 28 32 37 48 50 58 [0]
5 11 20 35 39 46 60 [0]
7 11 30 32 41 53 [2]
5 18 26 40 48 59 [0]
4 9 21 22 32 36 44 56 58 [1]
8 14 22 23 35 42 44 57 [0]
6 7 18 24 29 36 39 45 52 56 [0]
3 16 29 37 41 54 [1]
4 7 15 22 26 33 42 48 54 56 [1]
7 18 28 33 42 55 [1]
8 14 22 27 31 39 45 55 [0]
5 10 18 27 33 38 49 57 [1]
4 9 19 25 33 36 46 52 57 [2]
3 12 15 24 32 40 43 52 58 [0]
1 18 24 36 40 46 55 [0]
6 13 23 35 44 59 [0]
3 9 16 24 27 32 37 43 54 60 [0]
5 9 18 19 28 35 42 45 52 55 [0]
2 18 23 30 38 49 60 [0]
3 14 19 27 31 43 47 52 [1]
6 13 19 29 33 37 50 54 [1]
3 13 21 23 32 40 45 52 [1]
1 9 13 19 29 34 39 44 54 56 [0]
8 11 20 24 30 42 49 51 [0]
8 14 28 39 41 60 [1]
5 11 20 25 29 40 44 51 57 [1]
2 13 21 38 46 55 [1]
8 15 20 36 37 48 56 [0]
1 13 16 23 33 37 48 56 [1]
6 10 17 26 31 42 44 59 [0]
6 8 20 22 33 42 44 53 58 [2]
2 15 27 29 38 49 57 [0]
3 11 30 38 47 53 [2]
1 19 28 32 48 58 [0]
4 12 29 32 43 58 [0]
2 10 18 22 33 42 47 54 60 [2]
8 10 20 30 38 53 58 [1]
3 12 21 28 29 39 49 55 57 [1]
4 14 15 26 32 39 49 53 58 [1]
6 9 13 19 25 34 40 46 52 57 [1]
2 11 29 35 44 53 [1]
6 15 24 39 45 55 [0]
2 11 14 23 26 35 42 43 52 59 [0]
3 7 14 24 27 33 41 48 52 60 [2]
6 13 21 25 36 41 49 58 [3]
8 11 21 38 41 59 [2]
5 13 25 31 47 56 [2]
6 11 24 35 41 49 57 [1]
8 12 16 28 31 39 44 52 [0]
6 12 14 21 29 33 38 45 53 58 [3]
6 15 27 36 40 51 56 [0]
8 10 17 25 32 40 49 60 [1]
6 12 17 29 33 37 44 53 [2]
7 15 20 23 35 40 47 59 [1]
5 10 15 23 28 32 37 45 53 59 [1]
3 15 19 33 37 52 58 [1]
7 10 21 25 30 43 47 58 [3]
5 8 20 28 29 36 44 52 60 [0]
2 14 20 25 36 42 45 52 [1]
1 12 14 23 27 33 38 47 52 58 [2]
10 15 27 35 49 59 [0]
6 15 26 35 38 49 60 [0]
5 9 16 21 25 33 37 48 54 59 [3]
3 12 15 20 27 33 37 48 53 60 [2]
2 11 20 25 30 41 44 59 [2]
3 13 19 28 30 38 50 51 [0]
6 11 21 22 33 39 45 51 59 [2]
3 11 18 27 33 41 45 52 60 [2]
2 17 23 36 44 51 55 [0]
3 12 17 26 35 42 49 55 [0]
6 16 23 35 43 50 59 [0]
